72317 GSO Greensboro Observations at 12Z 04 Apr 2018
-------------------------------------------------------------------------------------------
   PRES   HGHT   TEMP   DWPT   FRPT   RELH   RELI   MIXR   DRCT   SKNT   THTA   THTE   THTV
    hPa     m      C      C      C      %      %    g/kg    deg   knot     K      K      K 
-------------------------------------------------------------------------------------------
 1000.0     63                                                                             
  976.0    270   15.6   14.4   14.4     93     93  10.67    220      6  290.8  321.1  292.6
  958.0    430   16.8   14.5   14.5     86     86  10.95    229     14  293.5  325.0  295.5
  955.0    457   16.8   14.4   14.4     86     86  10.91    231     16  293.8  325.2  295.7
  938.0    610   16.1   12.8   12.8     81     81  10.01    240     24  294.6  323.6  296.4
  925.0    730   15.6   11.6   11.6     77     77   9.35    250     25  295.2  322.4  296.9
  914.0    832   15.2   10.2   10.2     72     72   8.62    256     27  295.9  321.0  297.4
  905.1    914   14.7    9.6    9.6     71     71   8.33    260     28  296.1  320.6  297.6
  873.0   1219   12.8    7.2    7.2     69     69   7.33    270     35  297.3  318.9  298.6
  850.0   1444   11.4    5.4    5.4     67     67   6.66    270     43  298.1  317.9  299.3
  841.9   1524   11.2    5.2    5.2     67     67   6.65    270     43  298.7  318.6  299.9
  839.0   1553   11.2    5.2    5.2     67     67   6.65    270     42  299.0  318.9  300.2
  811.3   1829    9.3    4.5    4.5     72     72   6.57    270     37  299.9  319.6  301.0
  781.8   2134    7.2    3.8    3.8     79     79   6.47    260     31  300.8  320.3  302.0
  753.5   2438    5.1    3.1    3.1     87     87   6.38    240     39  301.7  321.0  302.9
  728.0   2721    3.2    2.4    2.4     94     95   6.29    235     42  302.6  321.7  303.7
  726.1   2743    3.1    2.3    2.3     94     94   6.26    235     42  302.7  321.8  303.9
  715.0   2867    2.6    1.7    1.7     94     94   6.09    237     46  303.5  322.1  304.6
  700.0   3039    2.2   -0.2   -0.2     84     84   5.42    240     52  304.9  321.6  305.9
  699.2   3048    2.2   -0.3   -0.3     84     84   5.38    240     55  304.9  321.6  305.9
  676.0   3320    1.2   -3.7   -3.3     70     70   4.33    242     56  306.8  320.4  307.6
  648.0   3658   -1.6   -5.5   -4.9     75     76   3.94    245     58  307.4  319.9  308.1
  624.0   3958   -4.1   -7.1   -6.3     80     83   3.61    240     58  307.9  319.4  308.5
  612.0   4111   -4.5   -9.5   -8.4     68     71   3.06    238     59  309.1  319.0  309.7
  599.9   4267   -5.7  -10.2   -9.0     70     75   2.96    235     59  309.6  319.1  310.1
  576.9   4572   -7.9  -11.5  -10.2     75     82   2.77    230     61  310.4  319.4  310.9
  563.0   4763   -9.3  -12.3  -10.9     79     86   2.66    230     62  310.9  319.6  311.4
  554.7   4877  -10.1  -13.8  -12.3     74     82   2.38    230     63  311.3  319.2  311.8
  531.0   5212  -12.3  -18.3  -16.4     61     69   1.71    235     68  312.6  318.4  312.9
  523.0   5328  -13.3  -17.4  -15.6     71     81   1.88    237     70  312.7  319.0  313.1
  518.0   5401  -13.1  -15.1  -13.5     85     97   2.30    239     71  313.8  321.5  314.2
  512.3   5486  -13.6  -15.5  -13.9     85     98   2.24    240     72  314.2  321.7  314.6
  500.0   5670  -14.7  -16.5  -14.8     86    100   2.12    240     71  315.1  322.2  315.5
  472.4   6096  -17.1  -19.2  -17.2     84    100   1.79    245     64  317.2  323.3  317.5
  429.0   6817  -21.3  -23.7  -21.3     81    100   1.32    245     60  320.7  325.4  321.0
  400.0   7330  -25.1  -28.0  -25.3     77     98   0.96    245     57  322.3  325.8  322.5
  386.0   7588  -27.1  -29.6  -26.8     79    104   0.86    245     56  322.9  326.1  323.1
  384.3   7620  -27.3  -30.2  -27.4     76    100   0.81    245     56  323.1  326.0  323.2
  376.0   7776  -28.5  -33.3  -30.2     63     84   0.62    245     55  323.5  325.8  323.7
  352.7   8230  -32.2  -36.5  -33.3     65     90   0.48    245     51  324.5  326.3  324.6
  351.0   8264  -32.5  -36.8  -33.5     65     90   0.47    245     51  324.6  326.3  324.6
  334.0   8612  -34.7  -42.7  -39.1     44     62   0.27    245     56  326.2  327.2  326.2
  316.0   8996  -38.3  -45.3  -41.5     48     69   0.21    245     60  326.4  327.2  326.4
  309.2   9144  -39.7  -45.5  -41.8     54     79   0.21    245     62  326.4  327.3  326.5
  300.0   9350  -41.7  -45.9  -42.1     64     95   0.21    250     65  326.5  327.3  326.5
  298.0   9395  -42.1  -46.0  -42.2     66     99   0.21    250     66  326.5  327.4  326.6
  270.0  10056  -47.3  -51.8  -47.8     60     94   0.12    243     75  328.3  328.8  328.3
  257.6  10363  -50.0  -56.0  -51.9     49     79   0.08    240     80  328.8  329.1  328.8
  250.0  10560  -51.7  -58.7  -54.5     43     70   0.06    240     85  329.1  329.3  329.1
  244.0  10718  -52.9  -60.9  -56.7     37     62   0.04    243     88  329.6  329.8  329.6
  223.0  11294  -58.1  -64.1  -59.8     46     79   0.03    254    101  330.2  330.3  330.2
  220.0  11380  -57.9  -64.9  -60.6     40     70   0.03    256    103  331.8  331.9  331.8
  213.1  11582  -59.1  -65.1  -60.8     46     79   0.03    260    107  333.0  333.1  333.0
  213.0  11584  -59.1  -65.1  -60.8     46     79   0.03    260    107  333.0  333.1  333.0
  205.0  11825  -58.9  -66.9  -62.6     35     60   0.02    263    102  336.9  337.1  336.9
  200.0  11980  -59.9  -67.9  -63.6     34     60   0.02    265     99  337.8  337.9  337.8
  197.0  12074  -60.7  -68.7  -64.4     34     60   0.02    265     99  337.9  338.0  337.9
  193.0  12201  -60.1  -69.1  -64.8     30     52   0.02    262    101  340.9  341.0  340.9
  192.0  12233  -58.5  -68.5  -64.2     26     46   0.02    261    102  344.0  344.1  344.0
  186.0  12433  -56.1  -69.1  -64.8     18     31   0.02    257    106  351.0  351.1  351.0
  184.1  12497  -56.3  -70.4  -66.0     15     26   0.02    255    107  351.6  351.7  351.6
  182.0  12570  -56.5  -71.8  -67.5     13     22   0.01    255    107  352.4  352.5  352.4
  179.0  12675  -56.9  -73.9  -69.6     10     17   0.01    255    105  353.5  353.6  353.5
  167.0  13114  -55.7  -78.7  -74.5      4      7   0.00    255     99  362.6  362.6  362.6
  153.0  13666  -58.1  -89.1  -85.1      1      2   0.00    255     91  367.7  367.7  367.7
  150.0  13790  -57.5  -89.5  -85.5      1      1   0.00    255     89  370.8  370.8  370.8
  147.0  13918  -57.5  -89.5  -85.5      1      1   0.00    254     86  373.0  373.0  373.0
  137.0  14363  -57.7  -89.7  -85.8      1      1   0.00    252     77  380.2  380.2  380.2
  131.2  14630  -59.6  -90.7  -86.8      1      2   0.00    250     72  381.5  381.5  381.5
  118.9  15240  -64.0  -92.9  -89.1      1      2   0.00    260     77  384.3  384.3  384.3
  114.0  15501  -65.9  -93.9  -90.1      1      2   0.00    260     77  385.4  385.4  385.4
  113.2  15545  -65.9  -93.7  -90.0      1      2   0.00    260     77  386.3  386.3  386.3
  108.0  15830  -65.7  -92.7  -88.9      1      2   0.00    262     71  391.8  391.8  391.8
  106.0  15944  -64.1  -92.1  -88.2      1      2   0.00    263     69  396.9  396.9  396.9
  105.0  16002  -63.7  -91.7  -87.8      1      2   0.00    263     67  398.8  398.8  398.8
  100.0  16300  -65.7  -92.7  -88.9      1      2   0.00    265     61  400.5  400.5  400.5
   97.0  16485  -66.9  -92.9  -89.1      1      3   0.00    267     51  401.7  401.7  401.7
   92.9  16747  -65.1  -93.1  -89.3      1      2   0.00    270     37  410.2  410.2  410.2
   92.6  16764  -65.1  -93.0  -89.2      1      2   0.00    270     36  410.5  410.5  410.5
   89.6  16967  -65.3  -92.3  -88.5      1      2   0.00    262     34  414.1  414.1  414.1
   79.7  17678  -67.7  -93.1  -89.3      2      3   0.00    235     28  423.4  423.4  423.4
   77.1  17876  -68.3  -93.3  -89.5      2      3   0.00    238     35  426.0  426.0  426.0
   75.7  17983  -67.7  -92.7  -88.9      2      3   0.00    240     39  429.4  429.4  429.4
   72.0  18288  -66.1  -91.1  -87.2      2      3   0.00    245     30  439.1  439.1  439.1
   70.7  18400  -65.5  -90.5  -86.6      2      4   0.00    245     30  442.7  442.7  442.7
   70.0  18460  -66.1  -92.1  -88.2      2      3   0.00    245     30  442.6  442.6  442.6
   67.3  18697  -67.7  -93.7  -89.9      1      3   0.00    245     29  444.2  444.2  444.2
   61.1  19279  -67.3  -93.3  -89.5      1      3   0.00    245     28  457.5  457.5  457.5
   58.3  19562  -65.1  -92.1  -88.2      1      2   0.00    245     27  468.6  468.6  468.6
   56.6  19742  -65.5  -92.5  -88.7      1      2   0.00    245     26  471.7  471.7  471.7
   56.0  19812  -64.1  -91.9  -88.0      1      2   0.00    245     26  476.5  476.5  476.5
   55.1  19907  -62.1  -91.1  -87.2      1      2   0.00    248     28  483.1  483.1  483.1
   53.3  20117  -62.0  -91.7  -87.8      1      2   0.00    255     34  488.2  488.2  488.2
   52.5  20205  -61.9  -91.9  -88.0      1      2   0.00    252     28  490.3  490.3  490.3
   51.9  20276  -60.7  -90.7  -86.8      1      2   0.00    249     23  494.7  494.7  494.7
   50.8  20410  -58.1  -90.6  -86.7      1      1   0.00    244     13  503.8  503.9  503.8
   50.0  20510  -58.7  -90.5  -86.6      1      1   0.00    240      6  504.7  504.7  504.7
   48.3  20726  -59.4  -90.3  -86.4      1      2   0.00    250      2  508.1  508.1  508.1
   46.0  21031  -60.3  -90.1  -86.1      1      2   0.00    250     10  513.0  513.0  513.0
   45.6  21085  -60.5  -90.0  -86.1      1      2   0.00    248     11  513.8  513.9  513.8
   44.5  21238  -58.5  -89.9  -86.0      1      1   0.00    243     13  522.3  522.3  522.3
   43.8  21336  -58.6  -89.8  -85.9      1      2   0.00    240     15  524.3  524.3  524.3
   41.7  21641  -59.1  -89.6  -85.6      1      2   0.00    230     18  530.5  530.5  530.5
   40.1  21890  -59.5  -89.4  -85.4      1      2   0.00    242     21  535.6  535.6  535.6
   39.8  21946  -59.2  -89.3  -85.4      1      2   0.00    245     22  537.6  537.6  537.6
   36.9  22413  -56.9  -89.0  -85.0      1      1   0.00    115      6  555.1  555.1  555.1
   36.1  22555  -57.3  -88.8  -84.8      1      2   0.00     75      1  557.7  557.7  557.7
   33.2  23079  -58.7  -88.4  -84.4      1      2   0.00    204     10  567.4  567.4  567.4
   32.8  23165  -58.1  -88.3  -84.3      1      2   0.00    225     11  571.1  571.1  571.1
   31.2  23470  -56.1  -88.1  -84.1      1      2   0.01    290     18  584.5  584.5  584.5
   30.9  23532  -55.7  -88.0  -84.0      1      1   0.01    295     16  587.2  587.3  587.2
   30.0  23720  -56.5  -87.9  -83.9      1      2   0.01    310     11  590.0  590.1  590.0
   29.8  23774  -56.5  -87.8  -83.8      1      2   0.01    300     13  591.6  591.6  591.6
   27.0  24384  -56.0  -87.3  -83.3      1      2   0.01    140      8  609.3  609.4  609.3
   25.5  24755  -55.7  -87.0  -83.0      1      2   0.01    108      8  620.4  620.4  620.4
   23.1  25393  -50.7  -86.5  -82.5      1      1   0.01     54      8  652.8  652.9  652.8
   20.0  26330  -52.7  -85.8  -81.7      1      1   0.01    335      8  674.1  674.2  674.1
   17.7  27127  -54.3  -85.2  -81.1      1      2   0.02    335     13  693.3  693.4  693.3
   16.8  27432  -55.0  -84.9  -80.8      1      2   0.02    330      9  700.7  700.9  700.7
   15.7  27883  -55.9  -84.6  -80.4      2      3   0.02    325      7  711.9  712.1  711.9
   14.6  28346  -55.5  -84.2  -80.0      2      3   0.02    320      4  728.2  728.5  728.2
   14.1  28568  -55.3  -84.0  -79.9      2      3   0.02    312      6  736.1  736.4  736.1
   13.3  28942  -53.3  -83.7  -79.6      1      2   0.03    297      8  755.4  755.7  755.4
   10.8  30288  -52.1  -82.6  -78.5      1      2   0.04    247     18  806.1  806.5  806.1
   10.5  30480  -50.8  -82.5  -78.3      1      2   0.04    240     19  817.7  818.2  817.7
   10.0  30790  -48.7  -82.2  -78.1      1      2   0.05    230     24  836.7  837.2  836.7
    9.9  30856  -48.3  -82.2  -78.0      1      2   0.05    234     23  840.6  841.2  840.6
    9.1  31394  -46.9  -81.8  -77.6      1      1   0.05    270     19  865.6  866.3  865.6
    9.0  31486  -46.7  -81.7  -77.5      1      1   0.06                869.9  870.6  869.9
Station information and sounding indices
                         Station identifier: GSO
                             Station number: 72317
                           Observation time: 180404/1200
                           Station latitude: 36.08
                          Station longitude: -79.95
                          Station elevation: 270.0
                            Showalter index: 2.94
                               Lifted index: -0.07
    LIFT computed using virtual temperature: -0.12
                                SWEAT index: 221.81
                                    K index: 29.10
                         Cross totals index: 20.10
                      Vertical totals index: 26.10
                        Totals totals index: 46.20
      Convective Available Potential Energy: 35.04
             CAPE using virtual temperature: 48.62
                      Convective Inhibition: -77.15
             CINS using virtual temperature: -58.92
                           Equilibrum Level: 497.19
 Equilibrum Level using virtual temperature: 494.94
                   Level of Free Convection: 741.55
             LFCT using virtual temperature: 749.64
                     Bulk Richardson Number: 0.34
          Bulk Richardson Number using CAPV: 0.47
  Temp [K] of the Lifted Condensation Level: 285.94
Pres [hPa] of the Lifted Condensation Level: 909.96
     Mean mixed layer potential temperature: 293.77
              Mean mixed layer mixing ratio: 10.32
              1000 hPa to 500 hPa thickness: 5607.00
Precipitable water [mm] for entire sounding: 29.82